중앙동:2730.361468849762,5509.0,5973.89526627661,25,1642.310053788602
동광동:3098.727610588132,841.0,3687.832732355455,5,1720.0956062279581
대청동:6488.369945789687,501.0,5312.156844085315,4,3534.320690293809
보수동:10777.85392392741,456.0,5747.936901035719,4,5796.653114402237
부평동:4824.404822507553,923.0,4855.975190144498,11,2830.3928784539457
광복동:1069.156620038193,1066.0,4800.066571006086,3,544.2361322734469
남포동:1244.6228798937227,3457.0,5888.190538501134,20,704.2587443623855
영주1동:5211.766901932337,583.0,4574.254960855935,6,2983.869046900272
영주2동:7531.933141407033,458.0,3589.9731084066443,4,4154.029344612907
동대신1동:4371.723891457077,413.0,5345.663531667553,2,2321.071285294682
동대신2동:7570.597135479795,501.0,5931.883891066536,7,3934.5257495898104
동대신3동:7001.639004292985,1243.0,5109.28623153409,7,3820.0757555964324
서대신1동:12648.938970241928,1611.0,4695.141498702578,7,6780.168619756308
서대신3동:8846.702694754902,1073.0,5481.301220047055,9,4829.423015721419
서대신4동:8238.787410720426,1144.0,4937.355203973129,3,4273.7720509416595
부민동:8447.255233092365,716.0,4508.538768652012,10,4789.4709057409345
아미동:6976.311095973477,673.0,4967.772428867407,4,3507.2370183348576
초장동:4595.699968187371,280.0,4961.282127536833,1,2339.7107153670613
충무동:11005.517677540076,1934.0,4389.308349999657,16,6046.62551502333
남부민1동:5100.575560405327,1245.0,6872.960499022156,1,2694.132976045392
남부민2동:9659.081253013455,1255.0,3336.7745403451845,2,4982.059377565347
암남동:13594.192830915095,3014.0,6498.819491015078,19,7298.613036828476
초량1동:5756.622732660442,1460.0,8387.025873028906,7,3843.649978543035
초량2동:6106.72409404401,1736.0,6038.609689003322,9,3572.0699489214567
초량3동:10234.461449125316,4587.0,5359.29968848289,22,5611.000222919698
초량6동:6314.183398330351,562.0,4119.571503981366,5,3287.1736490264057
수정1동:4144.808739482658,292.0,5557.6298744268715,4,2176.334140937562
수정2동:9742.921575060376,1331.0,3925.938923295471,10,5156.160217161119
수정4동:4174.365250555624,205.0,3589.9731084066443,0,2144.693333684358
수정5동:5599.491302807408,180.0,4210.360333970515,3,2943.69667462297
좌천동:11181.251968475,1163.0,4048.138993182336,8,5861.419804989344
범일1동:14476.599119783146,981.0,6039.6805201370735,6,7411.008167927354
범일2동:8983.930412750517,5224.0,7259.3622298387345,12,4571.999520465057
범일5동:4815.35827570073,922.0,7667.796227593441,0,2458.0107347280123
남항동:11366.93507885427,1914.0,5573.728095284081,9,6007.858177499749
영선1동:4176.645371245366,464.0,5898.404964945046,6,2227.694671230269
영선2동:8826.49917041586,1095.0,3436.704021471669,9,4627.265519264715
신선동:8902.277274824795,338.0,3589.9731084066443,1,4503.744908697746
봉래1동:7475.6711888477585,752.0,4459.911912745563,4,3916.5602463754276
봉래2동:4578.718039862113,963.0,5524.27314632386,1,2329.41872428685
청학1동:6759.177781070583,1106.0,6577.784949034598,8,3524.020034156403
청학2동:18501.80664006516,1877.0,5289.72441506898,8,9490.357382210923
동삼1동:29263.024031391837,2399.0,4507.896901928121,17,15464.745812833997
동삼2동:3729.553025633592,1003.0,3542.26675984927,6,1969.6148617141025
동삼3동:10339.335648602108,756.0,5557.6298744268715,1,5394.054161236165
부전1동:15060.261483403388,7573.0,6597.82523809874,28,7666.061854738935
부전2동:10183.809409681824,11079.0,6610.11076332815,40,5284.4788053867505
연지동:20014.314882413484,1554.0,5069.2852427084,6,10667.942159709666
초읍동:20888.638466306613,2103.0,6392.34388080542,15,10885.202792645083
양정1동:20341.8350141492,3976.0,5784.969621495577,18,10829.095056373415
양정2동:12945.884549211012,2230.0,5806.1513051751535,24,7145.814701822943
전포1동:18655.219307617477,4558.0,8929.153595087118,37,9955.931189299103
전포2동:21680.133668104623,2924.0,7514.5890500582755,18,11687.89755134259
부암1동:23529.018367532204,3047.0,6974.041991628357,15,12168.750651407125
부암3동:17064.91074483702,1267.0,2456.229169609025,9,8705.89607373561
당감1동:23939.3674044325,3381.0,4584.63524233643,9,12682.91159276302
당감2동:10154.973172397396,1603.0,8615.373277919833,6,5350.739311634522
당감4동:11810.165220240711,1567.0,5760.388236693805,4,6103.205586870648
가야1동:20459.792718503857,5388.0,3279.8785975034116,23,10941.588260052784
가야2동:16713.47545691603,2246.0,6284.278744712006,7,8736.566777207001
개금1동:18048.95790202217,3175.0,4746.704683166812,15,9620.359336315048
개금2동:11348.910423263207,827.0,4083.2880530543625,7,5928.43886118736
개금3동:29450.97117545665,2943.0,6471.068712222157,9,15317.585728621792
범천1동:12090.22916263272,3682.0,7302.167356861988,19,6487.20746844604
범천2동:22802.645334789995,2929.0,9235.895429842174,11,11867.388616204133
수민동:32305.38768074503,4913.0,4639.086444168584,27,16679.190853641896
복산동:10154.477583985776,744.0,6627.686527437996,2,5259.904178558918
명륜동:26162.782333241543,2902.0,6187.030400808901,14,13535.771014319922
온천1동:19067.00951751042,3926.0,7006.823379404377,31,10288.66288071203
온천2동:13951.53958727792,3270.0,4265.215296313167,12,7300.797197897666
온천3동:38727.46343965759,3931.0,5536.37419239711,27,20007.44830619082
사직1동:10912.251249186813,1590.0,4196.667033449048,18,5761.2650493944175
사직2동:29351.546009469377,3553.0,3889.758265614859,12,15244.8168054292
사직3동:17699.8956002763,1384.0,5242.786465729387,12,9033.646780338155
안락1동:14875.34954590362,2550.0,3774.0890686453786,18,7660.165707105923
안락2동:28424.829093832523,3887.0,4685.495936893625,17,14684.797553411892
명장1동:13410.5106818669,1269.0,4990.951703679515,6,6926.0771717085645
명장2동:15450.859010225526,1245.0,5445.629636513768,5,7970.921863685637
대연1동:17851.358357250458,2332.0,5246.5508724711835,25,10296.205344910559
대연3동:35509.52207928384,8620.0,5063.050125275971,42,21129.13343693281
대연4동:12944.611909330706,1389.0,5320.769417782547,5,6681.880129877663
대연5동:17622.17092895438,2186.0,6264.11687471671,16,9369.351521262091
대연6동:18068.15187849384,1973.0,5710.859988253098,5,9513.051510415069
용호1동:46265.89350373857,6446.0,5829.356586842099,20,24642.381909767108
용호2동:17163.54242279101,2041.0,4127.054935577791,7,8912.461635530073
용호3동:12508.459160701836,1620.0,6803.987360876752,5,6561.130365971872
용호4동:8767.586784360115,1005.0,2192.926484911004,10,4612.569016151194
용당동:8118.644745655358,2876.0,6710.250321554486,10,4187.320496924356
감만1동:14057.189808364608,2788.0,5236.447700051358,13,7036.542496279548
감만2동:7122.304119755048,1025.0,4644.175111335702,4,3636.43867984416
우암동:12748.330231497064,1361.0,4014.684438265336,6,6493.820554290458
문현1동:14302.39621080784,599.0,4948.581749106059,5,7384.74027104254
문현2동:9209.178373478033,1438.0,7909.251570596942,9,4730.565291435139
문현3동:14562.544714219985,1523.0,5162.345427239779,9,7611.60800537122
문현4동:8977.342712511541,1878.0,6217.720355679798,6,4626.287510704935
민우모택동:nan,nan,None,0,nan
선자욱지동:nan,nan,None,0,nan
구포1동:14957.934071019292,2167.0,4576.107544069644,21,7587.973621105795
구포2동:26426.940404058085,4418.0,4354.827096793393,18,13066.233394028706
구포3동:21630.13396701077,1216.0,5137.5006133692805,17,11868.338788492023
금곡동:39193.2372059396,3840.0,4789.166115254164,13,20377.60493296488
화명1동:43742.59387400199,3441.0,6341.407039248152,11,22358.734094710802
화명2동:14991.629534817068,2201.0,5609.324565251358,7,7790.30915517742
화명3동:30356.158185756067,5695.0,6004.630513817538,25,15630.715874155594
덕천1동:12534.91262319428,1867.0,5197.736689887941,13,6438.055937705865
덕천2동:12247.33522427897,4561.0,3541.615711173974,18,6285.336455770079
덕천3동:11095.053798195207,406.0,6340.982699270593,4,5764.8830003079565
만덕1동:11737.900427668588,1520.0,4895.894455885515,9,6029.140100091579
만덕2동:29438.44712470856,1959.0,4557.012453253847,15,15113.154157448866
만덕3동:19022.249884272227,2295.0,2671.761328743305,6,9790.101923891658
우1동:15491.070255163126,5604.0,5891.374118049396,59,8319.017327965848
우2동:31663.691267684044,11525.0,5156.336676505336,48,16933.1163018297
우3동:28956.32178510129,4063.0,9592.570135981776,5,15981.477685002608
중1동:24713.328929958778,4822.0,6172.032333851326,48,13251.012331817927
중2동:17640.993154734373,1506.0,5609.325003903359,7,9659.552958428088
좌1동:18271.198876081267,2635.0,7726.019412206486,19,9858.079632034438
좌2동:32504.50019285688,2240.0,7544.013471818413,32,17842.004000518715
좌3동:16503.095352274366,2392.0,5451.357516189339,7,8892.281436337515
좌4동:23514.252731053624,3362.0,5947.411909028189,15,12383.62579080425
송정동:10517.25954754879,nan,None,14,5556.253271227116
반여1동:33613.75842635613,4168.0,5976.905600618571,19,17215.800697005187
반여2동:13129.036089163274,873.0,4455.7358869319,5,6878.511949764043
반여3동:8963.737633382203,409.0,6540.902567228768,3,4643.754566465562
반여4동:16138.15382754698,1655.0,5248.190560805611,1,8253.289617081831
반송1동:16731.21696130396,2861.0,3614.7301472829604,11,9267.278651940127
반송2동:24097.13762148377,1603.0,3654.752674661533,14,12577.301700263964
재송1동:40379.64135116828,7320.0,5896.83085135647,33,20766.913204409942
재송2동:25559.722673590528,3312.0,4212.825550359441,9,13280.713553525444
괴정1동:20705.919916219224,2844.0,4573.645093417959,18,10836.79800341835
괴정2동:14201.332984162262,915.0,4216.267391805421,10,7309.3979370779925
괴정3동:13296.49669203686,1277.0,3650.108287547482,17,7001.154250697526
괴정4동:11374.540692114038,1647.0,4702.883913369966,6,5958.446936678591
당리동:27625.756254906068,4176.0,4837.212679271353,22,14257.544942828436
감천1동:19422.82130921888,2262.0,5363.382623435929,11,10046.233373897652
감천2동:6310.959127077367,412.0,5153.599607443437,0,3122.1898032323097
다대1동:40268.28660812881,3097.0,4988.061418704339,18,20698.455945561855
다대2동:28198.570043811807,3000.0,4971.67319688038,18,14544.695826369318
구평동:13539.452594631352,2014.0,5459.378578916425,8,6791.502699411561
장림1동:12093.744727752754,2307.0,5473.082035344953,14,6321.02508935528
장림2동:28176.113078034075,4765.0,5267.514613056905,19,14258.910263512736
신평1동:18671.407086584208,2603.0,4786.599942008499,12,9432.60083416893
신평2동:16593.45542080159,2481.0,5858.977933577495,9,8582.550037967589
하단1동:21859.51304358279,5172.0,5329.20528166648,18,11160.035486005758
하단2동:26013.58710029407,5606.0,6049.737359018065,30,13562.99215844574
서1동:5938.326425585663,313.0,4509.662736146711,3,2954.214990821254
서2동:9831.00016882061,1502.0,4722.499178457074,8,5008.560801940419
서3동:11543.7844834149,1768.0,3855.868642335059,14,5827.616493672028
금사동:nan,nan,None,5,nan
부곡1동:8608.958727532183,1238.0,3870.817885102937,2,4547.186875594143
부곡2동:16852.04046276922,3658.0,5811.8079745434225,9,8844.624095606052
부곡3동:17137.035761977517,3400.0,6292.921682044398,21,9062.120397707818
부곡4동:13278.013198500965,974.0,3412.9734206665307,3,6990.572459086834
장전1동:19480.5797005379,2716.0,4314.757611354347,21,11299.086862413707
장전2동:24198.313585767988,7387.0,5116.937072034925,21,13146.92875002054
선두구동:2379.051692560053,2591.0,4340.255116986111,4,1123.5406927684526
청룡노포동:10186.305482237049,3272.0,5058.590849274304,7,5291.405931990471
남산동:30838.44148071832,3256.0,3817.157684215228,38,17089.380935551162
구서1동:20040.471656082605,3215.0,6508.8340780502185,14,10638.33348670247
구서2동:33935.80034130521,3992.0,4227.908009486739,18,17849.849709177302
금성동:1101.2820620094135,464.0,3589.9731084066443,0,571.4857839722214
대저1동:6704.624063159688,5685.0,4560.3287733359175,8,3095.4048506125364
대저2동:7376.506894876016,7389.0,4254.007970082574,13,3376.0240134259766
강동동:4223.468564063427,2306.0,4929.181743158144,5,2066.5542385643603
명지1동:nan,6504.0,5828.535579131916,13,nan
명지2동:nan,6315.0,6282.965487758629,2,nan
가락동:2613.370353952341,1999.0,4296.421507326973,3,1304.4557116848464
녹산동:39246.22827427508,nan,None,78,20728.492422647483
가덕도동:3671.602983404169,3162.0,4730.9614135008305,10,1780.5640771081678
거제1동:29955.55542113213,4569.0,5390.912559570745,17,15545.595625786338
거제2동:11055.461767464876,2618.0,3372.761351048015,10,5870.015912093275
거제3동:10418.72382288822,1911.0,4719.211727619404,6,5568.1611453826445
거제4동:10921.145506152418,607.0,4464.7350021936,5,5607.502933397776
연산1동:17172.66316767926,2068.0,5731.205207318533,13,8912.676899907015
연산2동:18950.36680020066,2105.0,5236.259548114613,18,9987.687520638974
연산3동:6927.062871715054,1075.0,5073.148294090293,5,3724.6653834708964
연산4동:17284.852568775663,1917.0,4416.1485840465175,20,9170.433962902787
연산5동:17610.59595520282,3402.0,5999.484487334848,37,9402.832579168331
연산6동:17328.39769939403,1485.0,4175.853519995697,10,9050.865106807501
연산8동:15428.256287265309,2010.0,4125.600990312407,13,7971.697893760478
연산9동:36744.216538933455,4558.0,5575.722586113261,27,19332.976572305743
남천1동:14080.039262197504,4478.0,4239.0114792981185,25,7769.512031837276
남천2동:11645.215983248549,1324.0,6019.304260871373,3,6354.374434466254
수영동:15003.108488871309,2376.0,11721.54981673276,13,7963.438635082415
망미1동:27816.22025251758,3577.0,4602.2772726258845,11,14615.738839315345
망미2동:11587.97738952015,2078.0,3558.4987026311574,8,6010.854870872846
광안1동:26760.24666608352,1545.0,6088.594596403069,23,14499.057505201807
광안2동:19498.85912765219,2540.0,5870.509207972791,28,10708.638873536493
광안3동:10205.532584312665,2018.0,4703.757224745932,19,5451.708758235965
광안4동:11302.746477470037,1774.0,4740.768666869728,12,6390.167926022813
민락동:29763.218089701608,4356.0,7251.550976558123,31,15812.805515152497
삼락동:6394.300775723939,2753.0,5123.277807930019,9,3397.916858440847
모라1동:28131.84966002498,3138.0,5930.87808450358,13,14310.38023846873
모라3동:10852.777215282433,976.0,6996.499899630435,2,5775.250267476986
덕포1동:8677.138594734017,1135.0,3131.743529883912,6,4596.782395172958
덕포2동:13372.329665972502,2019.0,4862.110473372333,15,6847.742614967119
괘법동:22977.81524811053,9323.0,6258.5884181023575,32,12153.303706061932
감전동:14301.013917061617,5736.0,5545.9377932092175,20,7190.657466988287
주례1동:16153.952594647735,2699.0,6555.052861274453,7,8056.809317862121
주례2동:24333.68191228027,3100.0,4004.392697560601,22,13263.586252307692
주례3동:13370.162388081895,3097.0,5198.318357211305,6,6937.668684256401
학장동:29350.612738833064,5074.0,5564.189624023245,16,15131.87074662534
엄궁동:28217.446745937923,3858.0,5475.381865088508,10,14423.926044342283
기장읍:55202.48358957708,12464.0,4554.265927154018,63,28800.83341021426
장안읍:9115.793406630706,5799.0,5328.681813788484,16,4471.940135782092
정관읍:87436.91416734643,10443.0,4748.561697508674,58,45143.63370348554
일광면:16303.517509935424,6027.0,5131.027932462515,14,8205.586701217877
철마면:8483.722794158632,4094.0,4499.941228076583,3,4292.852993186076
중구:85954.3946298677,13794.0,44430.28211266734,82,23910.16561131575
서구:216114.0454521486,15102.0,67036.08778242767,88,57616.88602180584
동구:180507.1917489607,18643.0,66203.38696534699,86,47758.099492167035
영도구:227839.28650162625,12667.0,53958.29814948328,70,59455.33449950604
부산진구:711798.0918617976,68052.0,122498.37819230929,320,186712.55107319317
동래구:540987.8026663589,35164.0,66487.5943510551,201,140353.4653623951
남구:551598.4558823878,41100.0,91402.12932053627,197,147425.4881767109
북구:574749.0526498411,35586.0,64017.96682601841,177,148100.58143585076
해운대구:803034.931385817,60350.0,98691.31441677874,349,215031.50271394674
사하구:636703.9133587135,44578.0,80681.32995546609,230,163884.53358863003
금정구:464818.6307735196,39746.0,69450.96504910663,201,127474.22315813236
강서구:212685.37204800296,33360.0,34882.40247429424,160,75528.37889972364
연제구:419594.59681360703,28325.0,58281.043857757,181,110145.11153562155
수영구:355326.32864315016,26066.0,58795.82220470905,173,95576.2973897236
사상구:432266.1629133838,42908.0,64646.37141179107,158,112085.89459297014
기장군:353084.86293529684,38827.0,24262.478598990478,154,90914.84694388555
